1,3,3,0.75,1,4,1,21
1,3,3,0.75,1,4,1,22
1,3,3,0.75,1,4,1,23
1,3,3,0.75,1,4,1,24
1,3,3,0.75,1,4,1,25
1,3,3,0.75,1,4,1,26
1,3,3,0.75,1,4,1,27
1,3,3,0.75,1,4,1,28
1,3,3,0.75,1,4,1,29
1,3,3,0.75,1,4,1,30
1,3,3,0.75,1,4,1,31
1,3,3,0.75,1,4,1,32
1,3,3,0.75,1,4,1,33
1,3,3,0.75,1,4,1,34
1,3,3,0.75,1,4,1,35
1,3,3,0.75,1,4,1,36
1,3,3,0.75,1,4,1,37
1,3,3,0.75,1,4,1,38
1,3,3,0.75,1,4,1,39
1,3,3,0.75,1,4,1,40
1,3,3,0.75,1,4,1,41
1,3,3,0.75,1,4,1,42
1,3,3,0.75,1,4,1,43
1,3,3,0.75,1,4,1,44
1,3,3,0.75,1,4,1,45
1,3,3,0.75,1,4,1,46
1,3,3,0.75,1,4,1,47
1,3,3,0.75,1,4,1,48
1,3,3,0.75,1,4,1,49
1,3,3,0.75,1,4,1,50
1,3,3,0.75,1,4,1,51
1,3,3,0.75,1,4,1,52
1,3,3,0.75,1,4,1,53
1,3,3,0.75,1,4,1,54
1,3,3,0.75,1,4,1,55
1,3,3,0.75,1,4,1,56
1,3,3,0.75,1,4,1,57
1,3,3,0.75,1,4,1,58
1,3,3,0.75,1,4,1,59
1,3,3,0.75,1,4,1,60
1,3,3,0.75,1,4,1,61
1,3,3,0.75,1,4,1,62
1,3,3,0.75,1,4,1,63
1,3,3,0.75,1,4,1,64
1,3,3,0.75,1,4,1,65
1,3,3,0.75,1,4,1,66
1,3,3,0.75,1,4,1,67
1,3,3,0.75,1,4,1,68
1,3,3,0.75,1,4,1,69
1,3,3,0.75,1,4,1,70
1,3,3,0.75,1,4,1,71
1,3,3,0.75,1,4,1,72
1,3,3,0.75,1,4,1,73
1,3,3,0.75,1,4,1,74
1,3,3,0.75,1,4,1,75
1,3,3,0.75,1,4,1,76
1,3,3,0.75,1,4,1,77
1,3,3,0.75,1,4,1,78
1,3,3,0.75,1,4,1,79
1,3,3,0.75,1,4,1,80
1,3,3,0.75,1,4,1,81
1,3,3,0.75,1,4,1,82
1,3,3,0.75,1,4,1,83
1,3,3,0.75,1,4,1,84
1,3,3,0.75,1,4,1,85
1,3,3,0.75,1,4,1,86
1,3,3,0.75,1,4,1,87
1,3,3,0.75,1,4,1,88
1,3,3,0.75,1,4,1,89
1,3,3,0.75,1,4,1,90
1,3,3,0.75,1,4,1,91
1,3,3,0.75,1,4,1,92
1,3,3,0.75,1,4,1,93
1,3,3,0.75,1,4,1,94
1,3,3,0.75,1,4,1,95
1,3,3,0.75,1,4,1,96
1,3,3,0.75,1,4,1,97
1,3,3,0.75,1,4,1,98
1,3,3,0.75,1,4,1,99
1,3,3,0.75,1,4,1,100
1,3,3,0.75,1,4,2,21
1,3,3,0.75,1,4,2,22
1,3,3,0.75,1,4,2,23
1,3,3,0.75,1,4,2,24
1,3,3,0.75,1,4,2,25
1,3,3,0.75,1,4,2,26
1,3,3,0.75,1,4,2,27
1,3,3,0.75,1,4,2,28
1,3,3,0.75,1,4,2,29
1,3,3,0.75,1,4,2,30
1,3,3,0.75,1,4,2,31
1,3,3,0.75,1,4,2,32
1,3,3,0.75,1,4,2,33
1,3,3,0.75,1,4,2,34
1,3,3,0.75,1,4,2,35
1,3,3,0.75,1,4,2,36
1,3,3,0.75,1,4,2,37
1,3,3,0.75,1,4,2,38
1,3,3,0.75,1,4,2,39
1,3,3,0.75,1,4,2,40
1,3,3,0.75,1,4,2,41
1,3,3,0.75,1,4,2,42
1,3,3,0.75,1,4,2,43
1,3,3,0.75,1,4,2,44
1,3,3,0.75,1,4,2,45
1,3,3,0.75,1,4,2,46
1,3,3,0.75,1,4,2,47
1,3,3,0.75,1,4,2,48
1,3,3,0.75,1,4,2,49
1,3,3,0.75,1,4,2,50
1,3,3,0.75,1,4,2,51
1,3,3,0.75,1,4,2,52
1,3,3,0.75,1,4,2,53
1,3,3,0.75,1,4,2,54
1,3,3,0.75,1,4,2,55
1,3,3,0.75,1,4,2,56
1,3,3,0.75,1,4,2,57
1,3,3,0.75,1,4,2,58
1,3,3,0.75,1,4,2,59
1,3,3,0.75,1,4,2,60
1,3,3,0.75,1,4,2,61
1,3,3,0.75,1,4,2,62
1,3,3,0.75,1,4,2,63
1,3,3,0.75,1,4,2,64
1,3,3,0.75,1,4,2,65
1,3,3,0.75,1,4,2,66
1,3,3,0.75,1,4,2,67
1,3,3,0.75,1,4,2,68
1,3,3,0.75,1,4,2,69
1,3,3,0.75,1,4,2,70
1,3,3,0.75,1,4,2,71
1,3,3,0.75,1,4,2,72
1,3,3,0.75,1,4,2,73
1,3,3,0.75,1,4,2,74
1,3,3,0.75,1,4,2,75
1,3,3,0.75,1,4,2,76
1,3,3,0.75,1,4,2,77
1,3,3,0.75,1,4,2,78
1,3,3,0.75,1,4,2,79
1,3,3,0.75,1,4,2,80
1,3,3,0.75,1,4,2,81
1,3,3,0.75,1,4,2,82
1,3,3,0.75,1,4,2,83
1,3,3,0.75,1,4,2,84
1,3,3,0.75,1,4,2,85
1,3,3,0.75,1,4,2,86
1,3,3,0.75,1,4,2,87
1,3,3,0.75,1,4,2,88
1,3,3,0.75,1,4,2,89
1,3,3,0.75,1,4,2,90
1,3,3,0.75,1,4,2,91
1,3,3,0.75,1,4,2,92
1,3,3,0.75,1,4,2,93
1,3,3,0.75,1,4,2,94
1,3,3,0.75,1,4,2,95
1,3,3,0.75,1,4,2,96
1,3,3,0.75,1,4,2,97
1,3,3,0.75,1,4,2,98
1,3,3,0.75,1,4,2,99
1,3,3,0.75,1,4,2,100
1,3,3,0.75,1,4,3,21
1,3,3,0.75,1,4,3,22
1,3,3,0.75,1,4,3,23
1,3,3,0.75,1,4,3,24
1,3,3,0.75,1,4,3,25
1,3,3,0.75,1,4,3,26
1,3,3,0.75,1,4,3,27
1,3,3,0.75,1,4,3,28
1,3,3,0.75,1,4,3,29
1,3,3,0.75,1,4,3,30
1,3,3,0.75,1,4,3,31
1,3,3,0.75,1,4,3,32
1,3,3,0.75,1,4,3,33
1,3,3,0.75,1,4,3,34
1,3,3,0.75,1,4,3,35
1,3,3,0.75,1,4,3,36
1,3,3,0.75,1,4,3,37
1,3,3,0.75,1,4,3,38
1,3,3,0.75,1,4,3,39
1,3,3,0.75,1,4,3,40
1,3,3,0.75,1,4,3,41
1,3,3,0.75,1,4,3,42
1,3,3,0.75,1,4,3,43
1,3,3,0.75,1,4,3,44
1,3,3,0.75,1,4,3,45
1,3,3,0.75,1,4,3,46
1,3,3,0.75,1,4,3,47
1,3,3,0.75,1,4,3,48
1,3,3,0.75,1,4,3,49
1,3,3,0.75,1,4,3,50
1,3,3,0.75,1,4,3,51
1,3,3,0.75,1,4,3,52
1,3,3,0.75,1,4,3,53
1,3,3,0.75,1,4,3,54
1,3,3,0.75,1,4,3,55
1,3,3,0.75,1,4,3,56
1,3,3,0.75,1,4,3,57
1,3,3,0.75,1,4,3,58
1,3,3,0.75,1,4,3,59
1,3,3,0.75,1,4,3,60
1,3,3,0.75,1,4,3,61
1,3,3,0.75,1,4,3,62
1,3,3,0.75,1,4,3,63
1,3,3,0.75,1,4,3,64
1,3,3,0.75,1,4,3,65
1,3,3,0.75,1,4,3,66
1,3,3,0.75,1,4,3,67
1,3,3,0.75,1,4,3,68
1,3,3,0.75,1,4,3,69
1,3,3,0.75,1,4,3,70
1,3,3,0.75,1,4,3,71
1,3,3,0.75,1,4,3,72
1,3,3,0.75,1,4,3,73
1,3,3,0.75,1,4,3,74
1,3,3,0.75,1,4,3,75
1,3,3,0.75,1,4,3,76
1,3,3,0.75,1,4,3,77
1,3,3,0.75,1,4,3,78
1,3,3,0.75,1,4,3,79
1,3,3,0.75,1,4,3,80
1,3,3,0.75,1,4,3,81
1,3,3,0.75,1,4,3,82
1,3,3,0.75,1,4,3,83
1,3,3,0.75,1,4,3,84
1,3,3,0.75,1,4,3,85
1,3,3,0.75,1,4,3,86
1,3,3,0.75,1,4,3,87
1,3,3,0.75,1,4,3,88
1,3,3,0.75,1,4,3,89
1,3,3,0.75,1,4,3,90
1,3,3,0.75,1,4,3,91
1,3,3,0.75,1,4,3,92
1,3,3,0.75,1,4,3,93
1,3,3,0.75,1,4,3,94
1,3,3,0.75,1,4,3,95
1,3,3,0.75,1,4,3,96
1,3,3,0.75,1,4,3,97
1,3,3,0.75,1,4,3,98
1,3,3,0.75,1,4,3,99
1,3,3,0.75,1,4,3,100
1,3,3,0.75,1,4,4,21
1,3,3,0.75,1,4,4,22
1,3,3,0.75,1,4,4,23
1,3,3,0.75,1,4,4,24
1,3,3,0.75,1,4,4,25
1,3,3,0.75,1,4,4,26
1,3,3,0.75,1,4,4,27
1,3,3,0.75,1,4,4,28
1,3,3,0.75,1,4,4,29
1,3,3,0.75,1,4,4,30
1,3,3,0.75,1,4,4,31
1,3,3,0.75,1,4,4,32
1,3,3,0.75,1,4,4,33
1,3,3,0.75,1,4,4,34
1,3,3,0.75,1,4,4,35
1,3,3,0.75,1,4,4,36
1,3,3,0.75,1,4,4,37
1,3,3,0.75,1,4,4,38
1,3,3,0.75,1,4,4,39
1,3,3,0.75,1,4,4,40
1,3,3,0.75,1,4,4,41
1,3,3,0.75,1,4,4,42
1,3,3,0.75,1,4,4,43
1,3,3,0.75,1,4,4,44
1,3,3,0.75,1,4,4,45
1,3,3,0.75,1,4,4,46
1,3,3,0.75,1,4,4,47
1,3,3,0.75,1,4,4,48
1,3,3,0.75,1,4,4,49
1,3,3,0.75,1,4,4,50
1,3,3,0.75,1,4,4,51
1,3,3,0.75,1,4,4,52
1,3,3,0.75,1,4,4,53
1,3,3,0.75,1,4,4,54
1,3,3,0.75,1,4,4,55
1,3,3,0.75,1,4,4,56
1,3,3,0.75,1,4,4,57
1,3,3,0.75,1,4,4,58
1,3,3,0.75,1,4,4,59
1,3,3,0.75,1,4,4,60
1,3,3,0.75,1,4,4,61
1,3,3,0.75,1,4,4,62
1,3,3,0.75,1,4,4,63
1,3,3,0.75,1,4,4,64
1,3,3,0.75,1,4,4,65
1,3,3,0.75,1,4,4,66
1,3,3,0.75,1,4,4,67
1,3,3,0.75,1,4,4,68
1,3,3,0.75,1,4,4,69
1,3,3,0.75,1,4,4,70
1,3,3,0.75,1,4,4,71
1,3,3,0.75,1,4,4,72
1,3,3,0.75,1,4,4,73
1,3,3,0.75,1,4,4,74
1,3,3,0.75,1,4,4,75
1,3,3,0.75,1,4,4,76
1,3,3,0.75,1,4,4,77
1,3,3,0.75,1,4,4,78
1,3,3,0.75,1,4,4,79
1,3,3,0.75,1,4,4,80
1,3,3,0.75,1,4,4,81
1,3,3,0.75,1,4,4,82
1,3,3,0.75,1,4,4,83
1,3,3,0.75,1,4,4,84
1,3,3,0.75,1,4,4,85
1,3,3,0.75,1,4,4,86
1,3,3,0.75,1,4,4,87
1,3,3,0.75,1,4,4,88
1,3,3,0.75,1,4,4,89
1,3,3,0.75,1,4,4,90
1,3,3,0.75,1,4,4,91
1,3,3,0.75,1,4,4,92
1,3,3,0.75,1,4,4,93
1,3,3,0.75,1,4,4,94
1,3,3,0.75,1,4,4,95
1,3,3,0.75,1,4,4,96
1,3,3,0.75,1,4,4,97
1,3,3,0.75,1,4,4,98
1,3,3,0.75,1,4,4,99
1,3,3,0.75,1,4,4,100
1,3,3,0.75,1,4,5,21
1,3,3,0.75,1,4,5,22
1,3,3,0.75,1,4,5,23
1,3,3,0.75,1,4,5,24
1,3,3,0.75,1,4,5,25
1,3,3,0.75,1,4,5,26
1,3,3,0.75,1,4,5,27
1,3,3,0.75,1,4,5,28
1,3,3,0.75,1,4,5,29
1,3,3,0.75,1,4,5,30
1,3,3,0.75,1,4,5,31
1,3,3,0.75,1,4,5,32
1,3,3,0.75,1,4,5,33
1,3,3,0.75,1,4,5,34
1,3,3,0.75,1,4,5,35
1,3,3,0.75,1,4,5,36
1,3,3,0.75,1,4,5,37
1,3,3,0.75,1,4,5,38
1,3,3,0.75,1,4,5,39
1,3,3,0.75,1,4,5,40
1,3,3,0.75,1,4,5,41
1,3,3,0.75,1,4,5,42
1,3,3,0.75,1,4,5,43
1,3,3,0.75,1,4,5,44
1,3,3,0.75,1,4,5,45
1,3,3,0.75,1,4,5,46
1,3,3,0.75,1,4,5,47
1,3,3,0.75,1,4,5,48
1,3,3,0.75,1,4,5,49
1,3,3,0.75,1,4,5,50
1,3,3,0.75,1,4,5,51
1,3,3,0.75,1,4,5,52
1,3,3,0.75,1,4,5,53
1,3,3,0.75,1,4,5,54
1,3,3,0.75,1,4,5,55
1,3,3,0.75,1,4,5,56
1,3,3,0.75,1,4,5,57
1,3,3,0.75,1,4,5,58
1,3,3,0.75,1,4,5,59
1,3,3,0.75,1,4,5,60
1,3,3,0.75,1,4,5,61
1,3,3,0.75,1,4,5,62
1,3,3,0.75,1,4,5,63
1,3,3,0.75,1,4,5,64
1,3,3,0.75,1,4,5,65
1,3,3,0.75,1,4,5,66
1,3,3,0.75,1,4,5,67
1,3,3,0.75,1,4,5,68
1,3,3,0.75,1,4,5,69
1,3,3,0.75,1,4,5,70
1,3,3,0.75,1,4,5,71
1,3,3,0.75,1,4,5,72
1,3,3,0.75,1,4,5,73
1,3,3,0.75,1,4,5,74
1,3,3,0.75,1,4,5,75
1,3,3,0.75,1,4,5,76
1,3,3,0.75,1,4,5,77
1,3,3,0.75,1,4,5,78
1,3,3,0.75,1,4,5,79
1,3,3,0.75,1,4,5,80
1,3,3,0.75,1,4,5,81
1,3,3,0.75,1,4,5,82
1,3,3,0.75,1,4,5,83
1,3,3,0.75,1,4,5,84
1,3,3,0.75,1,4,5,85
1,3,3,0.75,1,4,5,86
1,3,3,0.75,1,4,5,87
1,3,3,0.75,1,4,5,88
1,3,3,0.75,1,4,5,89
1,3,3,0.75,1,4,5,90
1,3,3,0.75,1,4,5,91
1,3,3,0.75,1,4,5,92
1,3,3,0.75,1,4,5,93
1,3,3,0.75,1,4,5,94
1,3,3,0.75,1,4,5,95
1,3,3,0.75,1,4,5,96
1,3,3,0.75,1,4,5,97
1,3,3,0.75,1,4,5,98
1,3,3,0.75,1,4,5,99
1,3,3,0.75,1,4,5,100
1,3,3,0.75,1,4,6,21
1,3,3,0.75,1,4,6,22
1,3,3,0.75,1,4,6,23
1,3,3,0.75,1,4,6,24
1,3,3,0.75,1,4,6,25
1,3,3,0.75,1,4,6,26
1,3,3,0.75,1,4,6,27
1,3,3,0.75,1,4,6,28
1,3,3,0.75,1,4,6,29
1,3,3,0.75,1,4,6,30
1,3,3,0.75,1,4,6,31
1,3,3,0.75,1,4,6,32
1,3,3,0.75,1,4,6,33
1,3,3,0.75,1,4,6,34
1,3,3,0.75,1,4,6,35
1,3,3,0.75,1,4,6,36
1,3,3,0.75,1,4,6,37
1,3,3,0.75,1,4,6,38
1,3,3,0.75,1,4,6,39
1,3,3,0.75,1,4,6,40
1,3,3,0.75,1,4,6,41
1,3,3,0.75,1,4,6,42
1,3,3,0.75,1,4,6,43
1,3,3,0.75,1,4,6,44
1,3,3,0.75,1,4,6,45
1,3,3,0.75,1,4,6,46
1,3,3,0.75,1,4,6,47
1,3,3,0.75,1,4,6,48
1,3,3,0.75,1,4,6,49
1,3,3,0.75,1,4,6,50
1,3,3,0.75,1,4,6,51
1,3,3,0.75,1,4,6,52
1,3,3,0.75,1,4,6,53
1,3,3,0.75,1,4,6,54
1,3,3,0.75,1,4,6,55
1,3,3,0.75,1,4,6,56
1,3,3,0.75,1,4,6,57
1,3,3,0.75,1,4,6,58
1,3,3,0.75,1,4,6,59
1,3,3,0.75,1,4,6,60
1,3,3,0.75,1,4,6,61
1,3,3,0.75,1,4,6,62
1,3,3,0.75,1,4,6,63
1,3,3,0.75,1,4,6,64
1,3,3,0.75,1,4,6,65
1,3,3,0.75,1,4,6,66
1,3,3,0.75,1,4,6,67
1,3,3,0.75,1,4,6,68
1,3,3,0.75,1,4,6,69
1,3,3,0.75,1,4,6,70
1,3,3,0.75,1,4,6,71
1,3,3,0.75,1,4,6,72
1,3,3,0.75,1,4,6,73
1,3,3,0.75,1,4,6,74
1,3,3,0.75,1,4,6,75
1,3,3,0.75,1,4,6,76
1,3,3,0.75,1,4,6,77
1,3,3,0.75,1,4,6,78
1,3,3,0.75,1,4,6,79
1,3,3,0.75,1,4,6,80
1,3,3,0.75,1,4,6,81
1,3,3,0.75,1,4,6,82
1,3,3,0.75,1,4,6,83
1,3,3,0.75,1,4,6,84
1,3,3,0.75,1,4,6,85
1,3,3,0.75,1,4,6,86
1,3,3,0.75,1,4,6,87
1,3,3,0.75,1,4,6,88
1,3,3,0.75,1,4,6,89
1,3,3,0.75,1,4,6,90
1,3,3,0.75,1,4,6,91
1,3,3,0.75,1,4,6,92
1,3,3,0.75,1,4,6,93
1,3,3,0.75,1,4,6,94
1,3,3,0.75,1,4,6,95
1,3,3,0.75,1,4,6,96
1,3,3,0.75,1,4,6,97
1,3,3,0.75,1,4,6,98
1,3,3,0.75,1,4,6,99
1,3,3,0.75,1,4,6,100
1,3,3,0.75,1,4,7,21
1,3,3,0.75,1,4,7,22
1,3,3,0.75,1,4,7,23
1,3,3,0.75,1,4,7,24
1,3,3,0.75,1,4,7,25
1,3,3,0.75,1,4,7,26
1,3,3,0.75,1,4,7,27
1,3,3,0.75,1,4,7,28
1,3,3,0.75,1,4,7,29
1,3,3,0.75,1,4,7,30
1,3,3,0.75,1,4,7,31
1,3,3,0.75,1,4,7,32
1,3,3,0.75,1,4,7,33
1,3,3,0.75,1,4,7,34
1,3,3,0.75,1,4,7,35
1,3,3,0.75,1,4,7,36
1,3,3,0.75,1,4,7,37
1,3,3,0.75,1,4,7,38
1,3,3,0.75,1,4,7,39
1,3,3,0.75,1,4,7,40
1,3,3,0.75,1,4,7,41
1,3,3,0.75,1,4,7,42
1,3,3,0.75,1,4,7,43
1,3,3,0.75,1,4,7,44
1,3,3,0.75,1,4,7,45
1,3,3,0.75,1,4,7,46
1,3,3,0.75,1,4,7,47
1,3,3,0.75,1,4,7,48
1,3,3,0.75,1,4,7,49
1,3,3,0.75,1,4,7,50
1,3,3,0.75,1,4,7,51
1,3,3,0.75,1,4,7,52
1,3,3,0.75,1,4,7,53
1,3,3,0.75,1,4,7,54
1,3,3,0.75,1,4,7,55
1,3,3,0.75,1,4,7,56
1,3,3,0.75,1,4,7,57
1,3,3,0.75,1,4,7,58
1,3,3,0.75,1,4,7,59
1,3,3,0.75,1,4,7,60
1,3,3,0.75,1,4,7,61
1,3,3,0.75,1,4,7,62
1,3,3,0.75,1,4,7,63
1,3,3,0.75,1,4,7,64
1,3,3,0.75,1,4,7,65
1,3,3,0.75,1,4,7,66
1,3,3,0.75,1,4,7,67
1,3,3,0.75,1,4,7,68
1,3,3,0.75,1,4,7,69
1,3,3,0.75,1,4,7,70
1,3,3,0.75,1,4,7,71
1,3,3,0.75,1,4,7,72
1,3,3,0.75,1,4,7,73
1,3,3,0.75,1,4,7,74
1,3,3,0.75,1,4,7,75
1,3,3,0.75,1,4,7,76
1,3,3,0.75,1,4,7,77
1,3,3,0.75,1,4,7,78
1,3,3,0.75,1,4,7,79
1,3,3,0.75,1,4,7,80
1,3,3,0.75,1,4,7,81
1,3,3,0.75,1,4,7,82
1,3,3,0.75,1,4,7,83
1,3,3,0.75,1,4,7,84
1,3,3,0.75,1,4,7,85
1,3,3,0.75,1,4,7,86
1,3,3,0.75,1,4,7,87
1,3,3,0.75,1,4,7,88
1,3,3,0.75,1,4,7,89
1,3,3,0.75,1,4,7,90
1,3,3,0.75,1,4,7,91
1,3,3,0.75,1,4,7,92
1,3,3,0.75,1,4,7,93
1,3,3,0.75,1,4,7,94
1,3,3,0.75,1,4,7,95
1,3,3,0.75,1,4,7,96
1,3,3,0.75,1,4,7,97
1,3,3,0.75,1,4,7,98
1,3,3,0.75,1,4,7,99
1,3,3,0.75,1,4,7,100
1,3,3,0.75,1,4,8,21
1,3,3,0.75,1,4,8,22
1,3,3,0.75,1,4,8,23
1,3,3,0.75,1,4,8,24
1,3,3,0.75,1,4,8,25
1,3,3,0.75,1,4,8,26
1,3,3,0.75,1,4,8,27
1,3,3,0.75,1,4,8,28
1,3,3,0.75,1,4,8,29
1,3,3,0.75,1,4,8,30
1,3,3,0.75,1,4,8,31
1,3,3,0.75,1,4,8,32
1,3,3,0.75,1,4,8,33
1,3,3,0.75,1,4,8,34
1,3,3,0.75,1,4,8,35
1,3,3,0.75,1,4,8,36
1,3,3,0.75,1,4,8,37
1,3,3,0.75,1,4,8,38
1,3,3,0.75,1,4,8,39
1,3,3,0.75,1,4,8,40
1,3,3,0.75,1,4,8,41
1,3,3,0.75,1,4,8,42
1,3,3,0.75,1,4,8,43
1,3,3,0.75,1,4,8,44
1,3,3,0.75,1,4,8,45
1,3,3,0.75,1,4,8,46
1,3,3,0.75,1,4,8,47
1,3,3,0.75,1,4,8,48
1,3,3,0.75,1,4,8,49
1,3,3,0.75,1,4,8,50
1,3,3,0.75,1,4,8,51
1,3,3,0.75,1,4,8,52
1,3,3,0.75,1,4,8,53
1,3,3,0.75,1,4,8,54
1,3,3,0.75,1,4,8,55
1,3,3,0.75,1,4,8,56
1,3,3,0.75,1,4,8,57
1,3,3,0.75,1,4,8,58
1,3,3,0.75,1,4,8,59
1,3,3,0.75,1,4,8,60
1,3,3,0.75,1,4,8,61
1,3,3,0.75,1,4,8,62
1,3,3,0.75,1,4,8,63
1,3,3,0.75,1,4,8,64
1,3,3,0.75,1,4,8,65
1,3,3,0.75,1,4,8,66
1,3,3,0.75,1,4,8,67
1,3,3,0.75,1,4,8,68
1,3,3,0.75,1,4,8,69
1,3,3,0.75,1,4,8,70
1,3,3,0.75,1,4,8,71
1,3,3,0.75,1,4,8,72
1,3,3,0.75,1,4,8,73
1,3,3,0.75,1,4,8,74
1,3,3,0.75,1,4,8,75
1,3,3,0.75,1,4,8,76
1,3,3,0.75,1,4,8,77
1,3,3,0.75,1,4,8,78
1,3,3,0.75,1,4,8,79
1,3,3,0.75,1,4,8,80
1,3,3,0.75,1,4,8,81
1,3,3,0.75,1,4,8,82
1,3,3,0.75,1,4,8,83
1,3,3,0.75,1,4,8,84
1,3,3,0.75,1,4,8,85
1,3,3,0.75,1,4,8,86
1,3,3,0.75,1,4,8,87
1,3,3,0.75,1,4,8,88
1,3,3,0.75,1,4,8,89
1,3,3,0.75,1,4,8,90
1,3,3,0.75,1,4,8,91
1,3,3,0.75,1,4,8,92
1,3,3,0.75,1,4,8,93
1,3,3,0.75,1,4,8,94
1,3,3,0.75,1,4,8,95
1,3,3,0.75,1,4,8,96
1,3,3,0.75,1,4,8,97
1,3,3,0.75,1,4,8,98
1,3,3,0.75,1,4,8,99
1,3,3,0.75,1,4,8,100
1,3,3,0.75,1,4,9,21
1,3,3,0.75,1,4,9,22
1,3,3,0.75,1,4,9,23
1,3,3,0.75,1,4,9,24
1,3,3,0.75,1,4,9,25
1,3,3,0.75,1,4,9,26
1,3,3,0.75,1,4,9,27
1,3,3,0.75,1,4,9,28
1,3,3,0.75,1,4,9,29
1,3,3,0.75,1,4,9,30
1,3,3,0.75,1,4,9,31
1,3,3,0.75,1,4,9,32
1,3,3,0.75,1,4,9,33
1,3,3,0.75,1,4,9,34
1,3,3,0.75,1,4,9,35
1,3,3,0.75,1,4,9,36
1,3,3,0.75,1,4,9,37
1,3,3,0.75,1,4,9,38
1,3,3,0.75,1,4,9,39
1,3,3,0.75,1,4,9,40
1,3,3,0.75,1,4,9,41
1,3,3,0.75,1,4,9,42
1,3,3,0.75,1,4,9,43
1,3,3,0.75,1,4,9,44
1,3,3,0.75,1,4,9,45
1,3,3,0.75,1,4,9,46
1,3,3,0.75,1,4,9,47
1,3,3,0.75,1,4,9,48
1,3,3,0.75,1,4,9,49
1,3,3,0.75,1,4,9,50
1,3,3,0.75,1,4,9,51
1,3,3,0.75,1,4,9,52
1,3,3,0.75,1,4,9,53
1,3,3,0.75,1,4,9,54
1,3,3,0.75,1,4,9,55
1,3,3,0.75,1,4,9,56
1,3,3,0.75,1,4,9,57
1,3,3,0.75,1,4,9,58
1,3,3,0.75,1,4,9,59
1,3,3,0.75,1,4,9,60
1,3,3,0.75,1,4,9,61
1,3,3,0.75,1,4,9,62
1,3,3,0.75,1,4,9,63
1,3,3,0.75,1,4,9,64
1,3,3,0.75,1,4,9,65
1,3,3,0.75,1,4,9,66
1,3,3,0.75,1,4,9,67
1,3,3,0.75,1,4,9,68
1,3,3,0.75,1,4,9,69
1,3,3,0.75,1,4,9,70
1,3,3,0.75,1,4,9,71
1,3,3,0.75,1,4,9,72
1,3,3,0.75,1,4,9,73
1,3,3,0.75,1,4,9,74
1,3,3,0.75,1,4,9,75
1,3,3,0.75,1,4,9,76
1,3,3,0.75,1,4,9,77
1,3,3,0.75,1,4,9,78
1,3,3,0.75,1,4,9,79
1,3,3,0.75,1,4,9,80
1,3,3,0.75,1,4,9,81
1,3,3,0.75,1,4,9,82
1,3,3,0.75,1,4,9,83
1,3,3,0.75,1,4,9,84
1,3,3,0.75,1,4,9,85
1,3,3,0.75,1,4,9,86
1,3,3,0.75,1,4,9,87
1,3,3,0.75,1,4,9,88
1,3,3,0.75,1,4,9,89
1,3,3,0.75,1,4,9,90
1,3,3,0.75,1,4,9,91
1,3,3,0.75,1,4,9,92
1,3,3,0.75,1,4,9,93
1,3,3,0.75,1,4,9,94
1,3,3,0.75,1,4,9,95
1,3,3,0.75,1,4,9,96
1,3,3,0.75,1,4,9,97
1,3,3,0.75,1,4,9,98
1,3,3,0.75,1,4,9,99
1,3,3,0.75,1,4,9,100
1,3,3,0.75,1,4,10,21
1,3,3,0.75,1,4,10,22
1,3,3,0.75,1,4,10,23
1,3,3,0.75,1,4,10,24
1,3,3,0.75,1,4,10,25
1,3,3,0.75,1,4,10,26
1,3,3,0.75,1,4,10,27
1,3,3,0.75,1,4,10,28
1,3,3,0.75,1,4,10,29
1,3,3,0.75,1,4,10,30
1,3,3,0.75,1,4,10,31
1,3,3,0.75,1,4,10,32
1,3,3,0.75,1,4,10,33
1,3,3,0.75,1,4,10,34
1,3,3,0.75,1,4,10,35
1,3,3,0.75,1,4,10,36
1,3,3,0.75,1,4,10,37
1,3,3,0.75,1,4,10,38
1,3,3,0.75,1,4,10,39
1,3,3,0.75,1,4,10,40
1,3,3,0.75,1,4,10,41
1,3,3,0.75,1,4,10,42
1,3,3,0.75,1,4,10,43
1,3,3,0.75,1,4,10,44
1,3,3,0.75,1,4,10,45
1,3,3,0.75,1,4,10,46
1,3,3,0.75,1,4,10,47
1,3,3,0.75,1,4,10,48
1,3,3,0.75,1,4,10,49
1,3,3,0.75,1,4,10,50
1,3,3,0.75,1,4,10,51
1,3,3,0.75,1,4,10,52
1,3,3,0.75,1,4,10,53
1,3,3,0.75,1,4,10,54
1,3,3,0.75,1,4,10,55
1,3,3,0.75,1,4,10,56
1,3,3,0.75,1,4,10,57
1,3,3,0.75,1,4,10,58
1,3,3,0.75,1,4,10,59
1,3,3,0.75,1,4,10,60
1,3,3,0.75,1,4,10,61
1,3,3,0.75,1,4,10,62
1,3,3,0.75,1,4,10,63
1,3,3,0.75,1,4,10,64
1,3,3,0.75,1,4,10,65
1,3,3,0.75,1,4,10,66
1,3,3,0.75,1,4,10,67
1,3,3,0.75,1,4,10,68
1,3,3,0.75,1,4,10,69
1,3,3,0.75,1,4,10,70
1,3,3,0.75,1,4,10,71
1,3,3,0.75,1,4,10,72
1,3,3,0.75,1,4,10,73
1,3,3,0.75,1,4,10,74
1,3,3,0.75,1,4,10,75
1,3,3,0.75,1,4,10,76
1,3,3,0.75,1,4,10,77
1,3,3,0.75,1,4,10,78
1,3,3,0.75,1,4,10,79
1,3,3,0.75,1,4,10,80
1,3,3,0.75,1,4,10,81
1,3,3,0.75,1,4,10,82
1,3,3,0.75,1,4,10,83
1,3,3,0.75,1,4,10,84
1,3,3,0.75,1,4,10,85
1,3,3,0.75,1,4,10,86
1,3,3,0.75,1,4,10,87
1,3,3,0.75,1,4,10,88
1,3,3,0.75,1,4,10,89
1,3,3,0.75,1,4,10,90
1,3,3,0.75,1,4,10,91
1,3,3,0.75,1,4,10,92
1,3,3,0.75,1,4,10,93
1,3,3,0.75,1,4,10,94
1,3,3,0.75,1,4,10,95
1,3,3,0.75,1,4,10,96
1,3,3,0.75,1,4,10,97
1,3,3,0.75,1,4,10,98
1,3,3,0.75,1,4,10,99
1,3,3,0.75,1,4,10,100
